=== Loading report: weibo (distance_space=none) ===

Topics (L=9): 7, 9, 11, 12, 10, 13, 15, 14, 0

--- 2016.csr (N=4,097,060) ---
PR=4.37, eRank=5.12, srank=3.25
  PC1 | eigval=+1.7353 | var= 30.8% | cum= 30.8%
      -0.615  12
      -0.588  11
      +0.352  10
      -0.325  9
      +0.160  0
      -0.094  14
      -0.093  15
      -0.064  13
      -0.015  7
  PC2 | eigval=+1.6862 | var= 29.9% | cum= 60.7%
      +0.654  10
      -0.428  7
      +0.321  11
      +0.313  12
      -0.237  13
      -0.213  9
      +0.204  0
      -0.159  14
      -0.137  15
  PC3 | eigval=+0.9371 | var= 16.6% | cum= 77.3%
      +0.575  10
      +0.525  13
      +0.457  9
      -0.305  0
      +0.263  7
      -0.140  15
      -0.059  14
      -0.028  11
      +0.004  12
  PC4 | eigval=+0.6030 | var= 10.7% | cum= 88.0%
      -0.785  15
      -0.420  14
      -0.292  10
      +0.246  0
      +0.166  9
      -0.110  11
      +0.091  13
      +0.089  12
      -0.072  7
  PC5 | eigval=+0.3372 | var=  6.0% | cum= 94.0%
      +0.636  0
      +0.577  13
      -0.340  7
      +0.252  14
      +0.176  15
      -0.151  12
      +0.121  9
      +0.110  11
      -0.056  10
  PC6 | eigval=+0.2478 | var=  4.4% | cum= 98.4%
      -0.814  14
      +0.393  15
      +0.282  11
      -0.202  12
      +0.186  13
      -0.122  9
      +0.085  7
      -0.078  10
      +0.010  0
  PC7 | eigval=+0.0905 | var=  1.6% | cum=100.0%
      -0.656  11
      +0.542  12
      +0.371  15
      -0.233  14
      +0.214  9
      -0.142  7
      +0.133  0
      -0.018  13
      +0.013  10
  PC8 | eigval=-0.0379 | var=  0.0% | cum=100.0%
      -0.729  9
      +0.480  13
      +0.385  12
      +0.249  7
      -0.110  15
      -0.086  11
      +0.069  14
      -0.058  0
      -0.030  10
  PC9 | eigval=-0.2164 | var=  0.0% | cum=100.0%
      +0.733  7
      +0.595  0
      -0.240  13
      +0.151  10
      +0.105  12
      +0.096  11
      +0.080  9
      +0.036  15
      +0.027  14

--- 2017.csr (N=4,917,619) ---
PR=4.90, eRank=5.74, srank=3.19
  PC1 | eigval=+1.7937 | var= 31.4% | cum= 31.4%
      +0.719  12
      +0.607  11
      -0.219  7
      +0.215  9
      -0.095  0
      +0.072  15
      +0.059  14
      +0.043  10
      -0.028  13
  PC2 | eigval=+1.2602 | var= 22.1% | cum= 53.4%
      +0.925  10
      +0.255  13
      +0.192  9
      +0.137  7
      -0.111  0
      -0.080  15
      -0.048  14
      -0.044  12
      -0.024  11
  PC3 | eigval=+1.0312 | var= 18.0% | cum= 71.5%
      -0.528  9
      +0.480  0
      -0.431  7
      -0.414  13
      +0.339  10
      -0.095  14
      +0.089  11
      -0.036  15
      -0.010  12
  PC4 | eigval=+0.7352 | var= 12.9% | cum= 84.3%
      +0.883  15
      +0.321  14
      -0.187  0
      -0.185  9
      +0.123  10
      -0.116  13
      -0.099  12
      +0.092  7
      +0.038  11
  PC5 | eigval=+0.3704 | var=  6.5% | cum= 90.8%
      +0.679  14
      -0.475  7
      +0.416  13
      +0.289  0
      +0.170  9
      -0.138  11
      -0.074  12
      -0.045  15
      -0.021  10
  PC6 | eigval=+0.2974 | var=  5.2% | cum= 96.0%
      +0.575  13
      -0.506  14
      +0.374  11
      +0.297  15
      -0.280  12
      +0.272  0
      -0.147  7
      -0.106  10
      -0.013  9
  PC7 | eigval=+0.1845 | var=  3.2% | cum= 99.3%
      -0.615  11
      +0.381  9
      -0.372  14
      +0.344  12
      +0.335  15
      -0.257  7
      +0.187  0
      -0.077  13
      +0.013  10
  PC8 | eigval=+0.0421 | var=  0.7% | cum=100.0%
      +0.570  9
      -0.518  12
      -0.455  13
      -0.339  7
      +0.247  11
      -0.148  0
      -0.043  14
      +0.020  10
      +0.008  15
  PC9 | eigval=-0.2396 | var=  0.0% | cum=100.0%
      +0.706  0
      +0.558  7
      +0.323  9
      -0.180  13
      +0.156  14
      +0.154  11
      +0.072  15
      +0.009  12
      +0.003  10

--- 2018.csr (N=4,655,075) ---
PR=4.77, eRank=5.69, srank=3.42
  PC1 | eigval=+1.6230 | var= 29.2% | cum= 29.2%
      +0.834  10
      -0.312  9
      -0.208  11
      -0.206  12
      -0.185  7
      +0.169  0
      -0.161  14
      -0.154  15
      -0.098  13
  PC2 | eigval=+1.5659 | var= 28.2% | cum= 57.4%
      +0.655  12
      +0.581  11
      -0.361  7
      +0.262  10
      +0.166  9
      +0.072  0
      -0.030  13
      -0.025  14
      -0.018  15
  PC3 | eigval=+0.9141 | var= 16.5% | cum= 73.9%
      -0.602  13
      -0.505  9
      +0.377  15
      -0.300  7
      -0.266  10
      +0.237  0
      +0.154  14
      +0.028  11
      +0.007  12
  PC4 | eigval=+0.5049 | var=  9.1% | cum= 83.0%
      +0.758  15
      +0.385  14
      +0.303  10
      -0.268  0
      +0.258  13
      -0.147  12
      +0.135  9
      -0.079  7
      +0.028  11
  PC5 | eigval=+0.3604 | var=  6.5% | cum= 89.5%
      -0.729  0
      -0.490  13
      +0.299  12
      +0.285  7
      -0.156  11
      +0.153  10
      -0.092  14
      -0.044  9
      -0.004  15
  PC6 | eigval=+0.3344 | var=  6.0% | cum= 95.5%
      -0.764  14
      +0.427  11
      +0.333  15
      -0.244  12
      +0.158  7
      -0.158  9
      -0.081  0
      +0.069  13
      -0.039  10
  PC7 | eigval=+0.2012 | var=  3.6% | cum= 99.1%
      +0.636  11
      -0.467  12
      +0.413  14
      -0.316  15
      -0.194  13
      +0.176  7
      -0.157  0
      +0.085  10
      -0.074  9
  PC8 | eigval=+0.0477 | var=  0.9% | cum=100.0%
      +0.754  9
      -0.521  13
      -0.262  12
      +0.213  0
      -0.145  14
      +0.106  15
      +0.074  10
      -0.074  7
      -0.055  11
  PC9 | eigval=-0.1559 | var=  0.0% | cum=100.0%
      +0.772  7
      +0.480  0
      +0.265  12
      +0.193  15
      +0.189  10
      +0.131  14
      -0.084  13
      +0.055  11
      -0.042  9

--- 2019.csr (N=5,081,303) ---
PR=5.22, eRank=6.16, srank=3.53
  PC1 | eigval=+1.6523 | var= 28.3% | cum= 28.3%
      +0.889  10
      -0.294  9
      -0.152  7
      -0.150  11
      -0.133  14
      +0.129  0
      -0.127  12
      -0.122  15
      -0.111  13
  PC2 | eigval=+1.4655 | var= 25.1% | cum= 53.5%
      -0.688  12
      -0.546  11
      +0.426  7
      +0.140  13
      -0.096  15
      -0.083  0
      -0.077  10
      +0.050  9
      +0.049  14
  PC3 | eigval=+0.8639 | var= 14.8% | cum= 68.3%
      -0.709  13
      -0.395  11
      -0.364  9
      -0.323  10
      -0.258  7
      +0.164  0
      +0.084  14
      +0.063  15
      -0.004  12
  PC4 | eigval=+0.7438 | var= 12.8% | cum= 81.0%
      +0.844  15
      +0.360  14
      -0.253  12
      +0.195  11
      -0.161  9
      +0.118  0
      +0.109  10
      +0.060  13
      +0.030  7
  PC5 | eigval=+0.3887 | var=  6.7% | cum= 87.7%
      +0.667  0
      +0.543  14
      +0.247  13
      -0.243  15
      +0.241  9
      -0.240  7
      -0.152  11
      +0.033  12
      -0.001  10
  PC6 | eigval=+0.3075 | var=  5.3% | cum= 93.0%
      -0.699  14
      +0.544  0
      +0.327  9
      +0.240  15
      -0.188  12
      -0.084  10
      -0.073  7
      -0.049  13
      +0.022  11
  PC7 | eigval=+0.2581 | var=  4.4% | cum= 97.4%
      +0.662  11
      -0.403  12
      -0.369  15
      -0.256  13
      +0.249  7
      -0.247  9
      +0.244  0
      -0.091  10
      +0.081  14
  PC8 | eigval=+0.1523 | var=  2.6% | cum=100.0%
      +0.544  9
      -0.527  7
      -0.413  12
      -0.358  0
      -0.277  13
      +0.148  11
      +0.142  14
      +0.089  10
      -0.038  15
  PC9 | eigval=-0.1704 | var=  0.0% | cum=100.0%
      -0.570  7
      +0.506  13
      -0.482  9
      -0.277  12
      -0.253  10
      -0.182  14
      -0.078  0
      -0.078  15
      +0.035  11

--- 2020.csr (N=4,063,282) ---
PR=4.92, eRank=5.86, srank=3.18
  PC1 | eigval=+1.7076 | var= 31.5% | cum= 31.5%
      +0.671  10
      -0.471  11
      -0.431  12
      -0.326  9
      -0.123  15
      +0.108  0
      -0.063  14
      -0.061  7
      -0.045  13
  PC2 | eigval=+1.2407 | var= 22.9% | cum= 54.4%
      -0.662  10
      -0.491  11
      -0.489  12
      +0.250  7
      -0.079  15
      -0.066  0
      -0.058  13
      -0.048  9
      +0.046  14
  PC3 | eigval=+0.9405 | var= 17.3% | cum= 71.7%
      +0.575  15
      -0.546  13
      -0.426  7
      -0.354  9
      -0.158  10
      +0.132  0
      +0.118  14
      -0.067  11
      +0.063  12
  PC4 | eigval=+0.6138 | var= 11.3% | cum= 83.0%
      +0.653  15
      -0.458  12
      +0.372  13
      +0.272  14
      +0.214  11
      +0.214  9
      +0.182  7
      +0.131  10
      +0.098  0
  PC5 | eigval=+0.3796 | var=  7.0% | cum= 90.0%
      -0.832  14
      -0.348  0
      +0.321  15
      +0.229  7
      -0.118  9
      +0.094  11
      -0.069  12
      -0.053  13
      +0.019  10
  PC6 | eigval=+0.2566 | var=  4.7% | cum= 94.8%
      +0.469  0
      -0.458  11
      +0.454  13
      -0.338  14
      -0.291  7
      +0.270  12
      +0.205  9
      +0.189  15
      -0.117  10
  PC7 | eigval=+0.2038 | var=  3.8% | cum= 98.5%
      +0.782  0
      +0.351  11
      +0.296  7
      -0.244  13
      -0.227  14
      -0.170  12
      -0.159  15
      -0.087  9
      -0.070  10
  PC8 | eigval=+0.0801 | var=  1.5% | cum=100.0%
      +0.689  9
      -0.455  7
      -0.382  12
      -0.337  13
      -0.189  14
      -0.121  15
      +0.070  11
      -0.046  0
      +0.043  10
  PC9 | eigval=-0.0203 | var=  0.0% | cum=100.0%
      -0.536  7
      -0.426  9
      +0.420  13
      +0.374  11
      -0.331  12
      -0.219  10
      -0.209  15
      -0.110  14
      -0.047  0

--- 2021.csr (N=3,985,178) ---
PR=5.42, eRank=6.30, srank=3.71
  PC1 | eigval=+1.4990 | var= 27.0% | cum= 27.0%
      -0.683  10
      +0.448  11
      +0.442  12
      +0.271  15
      +0.215  9
      -0.085  0
      +0.071  14
      -0.056  7
      -0.034  13
  PC2 | eigval=+1.3220 | var= 23.8% | cum= 50.7%
      +0.492  10
      -0.491  7
      +0.420  12
      -0.318  13
      +0.286  15
      -0.278  9
      +0.235  11
      +0.157  0
      +0.024  14
  PC3 | eigval=+0.9371 | var= 16.9% | cum= 67.6%
      +0.566  15
      -0.380  11
      -0.373  12
      -0.352  9
      -0.345  10
      -0.314  13
      +0.203  14
      +0.091  0
      -0.076  7
  PC4 | eigval=+0.6914 | var= 12.4% | cum= 80.0%
      +0.531  15
      +0.499  11
      -0.365  12
      +0.321  7
      +0.311  10
      +0.270  13
      +0.180  9
      +0.144  0
      +0.099  14
  PC5 | eigval=+0.4242 | var=  7.6% | cum= 87.7%
      +0.701  14
      +0.599  0
      +0.227  9
      -0.173  15
      +0.163  13
      -0.138  11
      -0.113  7
      +0.099  12
      -0.024  10
  PC6 | eigval=+0.2887 | var=  5.2% | cum= 92.9%
      -0.605  14
      +0.517  0
      -0.350  11
      +0.285  15
      +0.260  13
      +0.215  9
      +0.214  12
      -0.049  10
      -0.020  7
  PC7 | eigval=+0.2397 | var=  4.3% | cum= 97.2%
      -0.540  0
      +0.447  13
      -0.383  7
      -0.338  11
      +0.306  15
      +0.290  9
      +0.204  14
      +0.144  10
      +0.084  12
  PC8 | eigval=+0.1567 | var=  2.8% | cum=100.0%
      -0.723  9
      +0.653  13
      -0.142  10
      +0.118  11
      +0.098  12
      +0.054  0
      -0.051  15
      -0.026  7
      +0.024  14
  PC9 | eigval=-0.1061 | var=  0.0% | cum=100.0%
      +0.697  7
      +0.532  12
      -0.283  11
      +0.208  14
      +0.187  15
      +0.179  10
      -0.136  0
      -0.124  9
      -0.081  13

--- 2022.csr (N=4,827,787) ---
PR=5.43, eRank=6.34, srank=3.69
  PC1 | eigval=+1.4146 | var= 27.1% | cum= 27.1%
      +0.654  12
      +0.556  11
      -0.374  10
      -0.283  7
      +0.168  15
      +0.091  9
      -0.077  0
      -0.030  13
      +0.004  14
  PC2 | eigval=+1.2791 | var= 24.5% | cum= 51.6%
      +0.772  10
      -0.362  13
      -0.356  7
      +0.219  12
      -0.208  9
      +0.195  0
      +0.098  11
      +0.082  15
      -0.029  14
  PC3 | eigval=+0.8298 | var= 15.9% | cum= 67.5%
      -0.687  15
      -0.353  14
      +0.349  13
      +0.301  10
      +0.258  12
      +0.224  9
      -0.224  0
      +0.113  11
      +0.104  7
  PC4 | eigval=+0.6120 | var= 11.7% | cum= 79.3%
      -0.566  11
      -0.423  13
      -0.329  15
      -0.321  7
      -0.317  10
      -0.239  9
      +0.233  12
      -0.229  0
      -0.159  14
  PC5 | eigval=+0.3650 | var=  7.0% | cum= 86.3%
      +0.731  0
      +0.391  14
      +0.328  12
      -0.273  11
      -0.255  15
      +0.230  13
      -0.080  10
      +0.079  9
      -0.018  7
  PC6 | eigval=+0.3003 | var=  5.8% | cum= 92.0%
      -0.743  14
      +0.507  0
      +0.300  7
      -0.179  9
      -0.167  10
      -0.165  13
      +0.093  11
      +0.069  15
      +0.019  12
  PC7 | eigval=+0.2603 | var=  5.0% | cum= 97.0%
      +0.600  9
      +0.433  15
      -0.412  11
      -0.344  14
      -0.319  7
      +0.220  13
      +0.086  10
      +0.080  12
      +0.012  0
  PC8 | eigval=+0.1566 | var=  3.0% | cum=100.0%
      -0.642  9
      +0.593  13
      +0.290  15
      +0.263  12
      -0.209  11
      -0.159  0
      -0.082  14
      +0.079  10
      +0.035  7
  PC9 | eigval=-0.1259 | var=  0.0% | cum=100.0%
      +0.697  7
      +0.469  12
      -0.296  13
      -0.227  11
      +0.208  15
      -0.190  0
      +0.174  9
      +0.156  10
      +0.143  14

--- 2023.csr (N=4,449,399) ---
PR=5.37, eRank=6.27, srank=3.61
  PC1 | eigval=+1.4248 | var= 27.7% | cum= 27.7%
      +0.631  12
      +0.549  11
      +0.362  15
      -0.253  7
      -0.249  10
      -0.194  13
      +0.067  9
      +0.038  14
      +0.016  0
  PC2 | eigval=+1.2247 | var= 23.8% | cum= 51.5%
      -0.751  10
      +0.376  7
      -0.272  12
      +0.258  15
      +0.249  9
      +0.215  13
      -0.190  0
      +0.096  14
      +0.021  11
  PC3 | eigval=+0.8613 | var= 16.8% | cum= 68.3%
      -0.690  15
      +0.373  12
      -0.353  10
      -0.315  14
      +0.294  13
      -0.230  0
      -0.113  7
      -0.076  9
      -0.044  11
  PC4 | eigval=+0.5837 | var= 11.4% | cum= 79.6%
      +0.555  11
      +0.466  13
      +0.394  10
      +0.364  9
      -0.330  14
      +0.265  7
      -0.089  12
      -0.021  0
      -0.013  15
  PC5 | eigval=+0.3899 | var=  7.6% | cum= 87.2%
      +0.619  0
      +0.545  14
      +0.528  13
      -0.123  15
      +0.106  12
      -0.068  10
      -0.065  7
      -0.060  9
      +0.037  11
  PC6 | eigval=+0.3089 | var=  6.0% | cum= 93.2%
      -0.814  9
      -0.350  0
      +0.310  11
      +0.196  13
      +0.189  7
      +0.162  14
      +0.092  15
      -0.078  12
      +0.058  10
  PC7 | eigval=+0.2076 | var=  4.0% | cum= 97.3%
      -0.627  14
      +0.558  0
      -0.344  9
      +0.266  7
      +0.237  15
      -0.155  10
      -0.134  11
      +0.091  12
      +0.012  13
  PC8 | eigval=+0.1405 | var=  2.7% | cum=100.0%
      +0.520  13
      +0.488  15
      -0.485  11
      -0.297  0
      +0.291  12
      -0.213  7
      +0.171  10
      -0.080  14
      +0.043  9
  PC9 | eigval=-0.1272 | var=  0.0% | cum=100.0%
      +0.745  7
      +0.520  12
      +0.241  14
      -0.194  11
      +0.183  10
      -0.155  13
      +0.092  9
      -0.087  15
      -0.068  0
