=== Loading report: weibo (distance_space=none-corr) ===

Topics (L=9): 7, 9, 11, 12, 10, 13, 15, 14, 0

--- 2016.csr (N=4,097,060) ---
PR=4.39, eRank=5.22, srank=2.76
  PC1 | eigval=+3.5262 | var= 36.3% | cum= 36.3%
      -0.571  7
      +0.494  0
      -0.427  9
      -0.362  13
      +0.238  10
      -0.192  14
      -0.142  15
      +0.045  11
      +0.029  12
  PC2 | eigval=+2.2063 | var= 22.7% | cum= 59.0%
      +0.662  12
      +0.642  11
      +0.295  9
      -0.226  7
      -0.087  0
      +0.048  14
      +0.032  15
      -0.025  13
      -0.016  10
  PC3 | eigval=+1.5190 | var= 15.6% | cum= 74.6%
      +0.628  15
      +0.526  14
      -0.378  13
      -0.311  9
      -0.287  10
      +0.058  11
      -0.055  0
      -0.024  7
      -0.022  12
  PC4 | eigval=+0.9081 | var=  9.3% | cum= 83.9%
      -0.605  0
      -0.486  13
      +0.382  10
      -0.368  14
      +0.235  7
      -0.226  9
      +0.079  12
      +0.040  11
      +0.033  15
  PC5 | eigval=+0.8678 | var=  8.9% | cum= 92.9%
      -0.794  10
      -0.372  15
      -0.366  13
      -0.262  14
      +0.117  7
      +0.104  12
      -0.043  11
      -0.042  9
      +0.003  0
  PC6 | eigval=+0.5698 | var=  5.9% | cum= 98.7%
      +0.677  14
      -0.590  15
      -0.268  13
      -0.208  11
      +0.196  10
      -0.138  0
      +0.118  12
      +0.076  9
      -0.016  7
  PC7 | eigval=+0.1233 | var=  1.3% | cum=100.0%
      -0.716  11
      +0.546  12
      +0.283  15
      +0.255  9
      -0.130  14
      -0.111  7
      -0.091  13
      +0.074  0
      +0.033  10
  PC8 | eigval=-0.0745 | var=  0.0% | cum=100.0%
      -0.712  9
      +0.466  13
      +0.456  12
      +0.197  7
      -0.124  15
      +0.065  14
      -0.064  11
      -0.054  0
      -0.049  10
  PC9 | eigval=-0.6460 | var=  0.0% | cum=100.0%
      -0.709  7
      -0.593  0
      +0.240  13
      -0.204  10
      -0.152  12
      -0.138  11
      -0.061  9
      -0.032  15
      -0.021  14

--- 2017.csr (N=4,917,619) ---
PR=4.97, eRank=5.85, srank=3.19
  PC1 | eigval=+3.0618 | var= 31.3% | cum= 31.3%
      +0.624  0
      -0.496  7
      -0.470  9
      -0.356  13
      -0.094  14
      -0.063  15
      -0.042  12
      -0.037  10
      +0.000  11
  PC2 | eigval=+2.3180 | var= 23.7% | cum= 55.0%
      -0.620  12
      -0.594  11
      +0.389  7
      -0.254  9
      -0.162  14
      -0.108  15
      +0.075  0
      +0.060  13
      -0.007  10
  PC3 | eigval=+1.4421 | var= 14.7% | cum= 69.7%
      -0.644  15
      -0.494  14
      +0.338  13
      +0.287  10
      +0.286  9
      +0.212  0
      -0.100  7
      +0.075  12
      +0.043  11
  PC4 | eigval=+1.0249 | var= 10.5% | cum= 80.2%
      -0.697  10
      -0.456  14
      -0.377  13
      -0.226  15
      +0.222  7
      +0.168  12
      -0.167  0
      +0.089  11
      -0.009  9
  PC5 | eigval=+0.9467 | var=  9.7% | cum= 89.9%
      +0.591  10
      -0.496  14
      -0.340  13
      +0.285  15
      +0.267  7
      -0.239  9
      +0.212  11
      -0.167  0
      +0.082  12
  PC6 | eigval=+0.6201 | var=  6.3% | cum= 96.2%
      +0.588  15
      +0.521  13
      -0.450  14
      -0.277  10
      +0.201  0
      +0.163  11
      -0.150  12
      -0.112  7
      +0.038  9
  PC7 | eigval=+0.2998 | var=  3.1% | cum= 99.3%
      -0.654  11
      +0.501  9
      +0.286  15
      -0.282  13
      +0.245  12
      -0.242  7
      -0.190  14
      +0.066  10
      +0.044  0
  PC8 | eigval=+0.0681 | var=  0.7% | cum=100.0%
      +0.697  12
      -0.458  9
      +0.353  13
      -0.331  11
      +0.242  7
      +0.099  0
      +0.025  14
      -0.024  10
      +0.006  15
  PC9 | eigval=-0.7814 | var=  0.0% | cum=100.0%
      -0.672  0
      -0.585  7
      -0.337  9
      -0.170  11
      -0.168  14
      +0.150  13
      -0.093  15
      -0.073  12
      -0.001  10

--- 2018.csr (N=4,655,075) ---
PR=5.15, eRank=5.99, srank=3.42
  PC1 | eigval=+2.7524 | var= 29.2% | cum= 29.2%
      -0.638  7
      +0.464  0
      -0.314  13
      -0.286  9
      +0.270  10
      +0.256  12
      +0.238  11
      +0.041  15
      -0.038  14
  PC2 | eigval=+2.2360 | var= 23.7% | cum= 52.9%
      -0.546  12
      -0.530  9
      -0.523  11
      -0.223  13
      +0.179  0
      +0.153  10
      -0.139  14
      +0.132  7
      -0.069  15
  PC3 | eigval=+1.5926 | var= 16.9% | cum= 69.9%
      -0.602  15
      -0.519  14
      +0.427  10
      +0.362  13
      +0.177  9
      +0.136  0
      +0.043  12
      +0.040  7
      +0.020  11
  PC4 | eigval=+0.9329 | var=  9.9% | cum= 79.8%
      +0.562  13
      +0.531  14
      +0.450  0
      -0.265  12
      -0.209  7
      +0.200  9
      -0.188  11
      +0.082  10
      +0.060  15
  PC5 | eigval=+0.8086 | var=  8.6% | cum= 88.3%
      +0.710  10
      +0.514  15
      -0.438  0
      +0.170  13
      -0.080  7
      -0.049  12
      -0.028  9
      -0.028  14
      -0.015  11
  PC6 | eigval=+0.7089 | var=  7.5% | cum= 95.9%
      -0.597  14
      +0.525  15
      -0.315  10
      +0.313  13
      +0.283  0
      +0.212  11
      -0.207  12
      -0.036  9
      -0.001  7
  PC7 | eigval=+0.2950 | var=  3.1% | cum= 99.0%
      +0.759  11
      -0.530  12
      +0.205  14
      -0.189  15
      -0.179  9
      +0.137  7
      +0.101  10
      -0.060  0
      -0.022  13
  PC8 | eigval=+0.0945 | var=  1.0% | cum=100.0%
      -0.729  9
      +0.516  13
      +0.362  12
      -0.159  0
      -0.140  10
      +0.110  14
      -0.104  15
      +0.044  7
      +0.039  11
  PC9 | eigval=-0.4210 | var=  0.0% | cum=100.0%
      -0.710  7
      -0.481  0
      -0.325  12
      -0.283  10
      -0.202  15
      -0.126  14
      -0.104  11
      +0.104  13
      +0.032  9

--- 2019.csr (N=5,081,303) ---
PR=5.79, eRank=6.62, srank=3.67
  PC1 | eigval=+2.5491 | var= 27.3% | cum= 27.3%
      -0.568  7
      -0.493  13
      -0.397  9
      +0.338  12
      +0.282  0
      +0.239  10
      +0.138  11
      -0.066  14
      +0.043  15
  PC2 | eigval=+1.9507 | var= 20.9% | cum= 48.2%
      +0.564  11
      +0.523  12
      +0.431  9
      -0.283  10
      +0.249  13
      -0.225  7
      +0.139  15
      -0.083  0
      +0.046  14
  PC3 | eigval=+1.3995 | var= 15.0% | cum= 63.1%
      -0.669  14
      -0.612  15
      +0.301  10
      +0.169  9
      +0.163  12
      -0.152  0
      +0.099  13
      -0.024  7
      +0.000  11
  PC4 | eigval=+1.0879 | var= 11.6% | cum= 74.8%
      -0.663  10
      -0.520  13
      -0.431  0
      -0.214  11
      -0.184  15
      +0.129  12
      -0.084  14
      -0.026  9
      -0.003  7
  PC5 | eigval=+0.9377 | var= 10.0% | cum= 84.8%
      +0.665  0
      -0.410  15
      +0.377  9
      -0.295  11
      -0.277  10
      -0.209  7
      +0.194  14
      -0.041  12
      +0.011  13
  PC6 | eigval=+0.6936 | var=  7.4% | cum= 92.2%
      +0.681  14
      -0.524  15
      -0.337  0
      +0.219  10
      +0.207  12
      -0.185  9
      +0.139  13
      -0.062  7
      -0.004  11
  PC7 | eigval=+0.4452 | var=  4.8% | cum= 97.0%
      +0.552  11
      +0.494  7
      -0.408  9
      +0.340  0
      -0.315  15
      -0.257  10
      -0.052  13
      -0.038  14
      -0.020  12
  PC8 | eigval=+0.2808 | var=  3.0% | cum=100.0%
      +0.654  12
      -0.474  11
      +0.337  13
      -0.311  9
      +0.258  7
      +0.160  0
      +0.151  15
      -0.106  10
      -0.102  14
  PC9 | eigval=-0.3445 | var=  0.0% | cum=100.0%
      +0.528  13
      -0.518  7
      -0.433  9
      -0.362  10
      -0.309  12
      -0.163  14
      -0.088  0
      -0.074  15
      +0.015  11

--- 2020.csr (N=4,063,282) ---
PR=5.63, eRank=6.45, srank=3.63
  PC1 | eigval=+2.4905 | var= 27.6% | cum= 27.6%
      +0.582  9
      +0.417  13
      +0.402  11
      +0.343  7
      -0.258  10
      -0.258  0
      +0.256  12
      -0.098  15
      +0.006  14
  PC2 | eigval=+1.9897 | var= 22.0% | cum= 49.6%
      +0.523  12
      -0.508  7
      +0.441  11
      +0.381  15
      -0.286  13
      +0.161  14
      +0.115  0
      -0.069  10
      +0.053  9
  PC3 | eigval=+1.2432 | var= 13.8% | cum= 63.3%
      +0.610  10
      -0.547  14
      -0.369  15
      +0.345  12
      +0.171  13
      -0.159  7
      +0.131  11
      -0.044  9
      +0.028  0
  PC4 | eigval=+1.2077 | var= 13.4% | cum= 76.7%
      +0.601  0
      +0.454  13
      +0.453  14
      +0.388  10
      +0.189  9
      -0.161  12
      +0.098  15
      +0.056  11
      -0.053  7
  PC5 | eigval=+0.8182 | var=  9.1% | cum= 85.7%
      -0.777  15
      +0.460  14
      +0.267  12
      -0.178  13
      -0.166  10
      -0.154  11
      -0.150  7
      +0.083  0
      +0.033  9
  PC6 | eigval=+0.6778 | var=  7.5% | cum= 93.2%
      +0.723  0
      -0.466  14
      -0.463  10
      +0.117  7
      +0.101  9
      +0.093  12
      -0.076  11
      -0.070  13
      -0.055  15
  PC7 | eigval=+0.4354 | var=  4.8% | cum= 98.1%
      -0.620  11
      -0.527  7
      +0.392  13
      +0.274  9
      -0.171  10
      -0.166  0
      +0.147  15
      +0.136  12
      -0.109  14
  PC8 | eigval=+0.1754 | var=  1.9% | cum=100.0%
      -0.631  9
      +0.520  12
      +0.403  13
      +0.304  7
      +0.147  14
      +0.143  15
      -0.131  11
      -0.128  10
      +0.021  0
  PC9 | eigval=-0.0379 | var=  0.0% | cum=100.0%
      +0.440  11
      -0.435  7
      +0.395  13
      -0.384  12
      -0.368  9
      -0.343  10
      -0.226  15
      -0.090  14
      -0.039  0

--- 2021.csr (N=3,985,178) ---
PR=5.83, eRank=6.68, srank=3.63
  PC1 | eigval=+2.5299 | var= 27.5% | cum= 27.5%
      +0.594  7
      +0.480  13
      +0.382  9
      -0.338  12
      -0.290  15
      -0.180  0
      -0.139  10
      -0.126  14
      -0.075  11
  PC2 | eigval=+1.8865 | var= 20.5% | cum= 48.0%
      -0.578  11
      -0.532  12
      -0.441  9
      +0.359  10
      +0.163  0
      -0.129  15
      -0.109  13
      +0.061  7
      -0.027  14
  PC3 | eigval=+1.3235 | var= 14.4% | cum= 62.4%
      +0.639  14
      +0.479  15
      +0.343  0
      -0.326  10
      -0.321  12
      +0.178  7
      +0.057  9
      +0.029  11
      +0.003  13
  PC4 | eigval=+1.1191 | var= 12.2% | cum= 74.6%
      +0.636  0
      +0.549  10
      +0.344  13
      +0.212  9
      -0.211  15
      +0.181  11
      +0.161  14
      +0.159  12
      -0.048  7
  PC5 | eigval=+0.8817 | var=  9.6% | cum= 84.2%
      -0.584  15
      +0.516  14
      -0.418  11
      -0.286  10
      -0.255  7
      +0.221  12
      +0.134  9
      -0.064  0
      -0.025  13
  PC6 | eigval=+0.6582 | var=  7.2% | cum= 91.3%
      -0.611  0
      +0.491  14
      +0.457  10
      +0.312  11
      -0.195  12
      +0.144  13
      -0.104  9
      -0.100  7
      -0.007  15
  PC7 | eigval=+0.4627 | var=  5.0% | cum= 96.4%
      +0.598  13
      -0.469  11
      +0.469  15
      -0.381  7
      -0.142  0
      +0.122  9
      +0.114  12
      -0.086  14
      +0.036  10
  PC8 | eigval=+0.3334 | var=  3.6% | cum=100.0%
      -0.741  9
      +0.502  13
      -0.307  10
      +0.218  11
      -0.160  15
      +0.140  12
      +0.090  0
      +0.060  7
      +0.022  14
  PC9 | eigval=-0.1950 | var=  0.0% | cum=100.0%
      +0.621  7
      +0.595  12
      -0.296  11
      +0.241  10
      +0.198  15
      +0.187  14
      -0.136  9
      -0.113  0
      -0.091  13

--- 2022.csr (N=4,827,787) ---
PR=5.89, eRank=6.74, srank=3.73
  PC1 | eigval=+2.4797 | var= 26.8% | cum= 26.8%
      -0.598  7
      -0.486  13
      +0.405  12
      +0.279  15
      -0.263  9
      +0.212  11
      +0.157  10
      +0.134  0
      +0.085  14
  PC2 | eigval=+1.9483 | var= 21.0% | cum= 47.8%
      +0.497  12
      +0.475  11
      +0.446  9
      -0.311  0
      -0.311  10
      +0.299  13
      -0.148  14
      -0.140  7
      -0.072  15
  PC3 | eigval=+1.4298 | var= 15.4% | cum= 63.3%
      -0.596  14
      -0.579  15
      +0.360  10
      -0.262  0
      -0.202  11
      -0.147  13
      +0.144  12
      -0.125  7
      -0.110  9
  PC4 | eigval=+1.0298 | var= 11.1% | cum= 74.4%
      -0.663  0
      -0.559  10
      -0.292  11
      -0.257  13
      -0.236  9
      -0.124  7
      -0.118  12
      +0.096  14
      +0.062  15
  PC5 | eigval=+0.7575 | var=  8.2% | cum= 82.6%
      +0.683  14
      -0.462  15
      -0.337  11
      -0.301  7
      +0.227  9
      +0.166  12
      +0.138  10
      +0.132  13
      -0.018  0
  PC6 | eigval=+0.6613 | var=  7.1% | cum= 89.7%
      -0.576  10
      +0.534  0
      +0.373  12
      -0.320  15
      -0.288  9
      -0.168  11
      +0.144  7
      -0.095  14
      -0.025  13
  PC7 | eigval=+0.6251 | var=  6.8% | cum= 96.4%
      +0.620  9
      -0.511  11
      -0.317  14
      -0.280  7
      +0.272  15
      +0.231  0
      -0.149  10
      -0.149  13
      -0.061  12
  PC8 | eigval=+0.3295 | var=  3.6% | cum=100.0%
      -0.659  13
      +0.387  11
      -0.380  15
      +0.347  9
      -0.303  12
      -0.143  10
      +0.136  7
      +0.110  14
      +0.090  0
  PC9 | eigval=-0.2609 | var=  0.0% | cum=100.0%
      -0.620  7
      -0.541  12
      +0.336  13
      +0.227  11
      -0.208  10
      -0.205  15
      +0.175  0
      -0.159  9
      -0.134  14

--- 2023.csr (N=4,449,399) ---
PR=5.81, eRank=6.62, srank=3.66
  PC1 | eigval=+2.5354 | var= 27.3% | cum= 27.3%
      +0.613  7
      -0.558  12
      +0.383  13
      -0.266  11
      -0.180  0
      -0.162  10
      +0.156  9
      -0.095  15
      -0.061  14
  PC2 | eigval=+1.8310 | var= 19.7% | cum= 47.0%
      -0.528  15
      -0.489  11
      +0.458  10
      -0.427  9
      -0.170  7
      -0.152  12
      -0.146  14
      +0.128  0
      -0.015  13
  PC3 | eigval=+1.5352 | var= 16.5% | cum= 63.6%
      -0.604  14
      -0.441  0
      -0.409  15
      +0.360  12
      +0.263  13
      +0.195  11
      -0.165  10
      +0.069  9
      -0.066  7
  PC4 | eigval=+1.0311 | var= 11.1% | cum= 74.7%
      +0.582  0
      +0.466  10
      +0.418  9
      +0.347  13
      +0.292  11
      -0.239  14
      +0.078  7
      -0.034  15
      +0.010  12
  PC5 | eigval=+0.9087 | var=  9.8% | cum= 84.4%
      -0.585  13
      -0.487  14
      +0.382  10
      +0.296  15
      -0.285  0
      -0.245  12
      +0.181  9
      +0.113  7
      +0.006  11
  PC6 | eigval=+0.7028 | var=  7.6% | cum= 92.0%
      -0.702  9
      +0.488  11
      +0.277  7
      +0.261  10
      +0.236  15
      +0.228  13
      -0.119  0
      -0.043  12
      -0.024  14
  PC7 | eigval=+0.5094 | var=  5.5% | cum= 97.5%
      -0.547  0
      +0.497  14
      +0.467  10
      +0.290  9
      -0.229  7
      +0.175  13
      +0.173  11
      -0.157  15
      -0.119  12
  PC8 | eigval=+0.2329 | var=  2.5% | cum=100.0%
      +0.597  15
      -0.516  11
      +0.448  13
      +0.275  12
      +0.177  10
      -0.171  7
      -0.150  0
      -0.133  14
      -0.001  9
  PC9 | eigval=-0.2865 | var=  0.0% | cum=100.0%
      +0.643  7
      +0.620  12
      +0.236  10
      +0.224  14
      -0.197  13
      -0.179  11
      -0.138  15
      +0.068  9
      -0.044  0
